    a        b            c
   [1,]  -6.13324310  5.272457e+00
   [2,]  20.67573829  5.388213e+00
   [3,]   1.21055628  5.640607e+00
   [4,] -26.11260880  5.751670e+00
   [5,]  -5.54740172  5.391095e+00
   [6,]  -6.92343812  5.795395e+00
   [7,] -17.58759172  5.959631e+00
   [8,]  14.57652792  5.376843e+00
   [9,]  -3.06129977  5.718647e+00
  [10,] -29.45798979  5.796576e+00
  [11,]  12.83484570  5.416850e+00
  [12,]  17.83135448  5.945159e+00
  [13,] -23.96305712  5.408064e+00
  [14,]  -3.14478799  5.848665e+00
  [15,]   6.32657357  5.968752e+00
  [16,] -28.86985218  5.989357e+00
  [17,] -21.37424421  5.807097e+00
  [18,] -18.67820868  5.345457e+00
  [19,]   3.25825275  5.046423e+00
  [20,] -29.09802249  5.742504e+00
  [21,] -16.41763749  5.780178e+00
  [22,] -20.68700076  5.149119e+00
  [23,]  15.34598823  5.619027e+00
  [24,]  -5.26726054  5.849659e+00
  [25,]  16.61888984  5.051906e+00
  [26,] -17.49098504  5.399767e+00
  [27,] -12.33705004  5.167442e+00
  [28,]   8.50632300  5.911880e+00
  [29,] -26.55666722  5.898105e+00
  [30,] -12.45582252  5.158016e+00
  [31,]  17.58438794  5.967507e+00
  [32,]   2.28050069  5.933032e+00
  [33,]   3.98697252  5.110776e+00
  [34,]  -7.14872412  5.720921e+00
  [35,] -29.48712068  5.705687e+00
  [36,]  -6.68869268  5.404216e+00
  [37,]  23.93359045  5.712573e+00
  [38,]  13.93744783  5.457974e+00
  [39,]  -9.19647626  5.084858e+00
  [40,]  -7.33590934  5.780630e+00
  [41,]  18.49199376  5.129270e+00
  [42,] -26.98590802  5.521314e+00
  [43,]  11.93958042  5.820248e+00
  [44,]   4.96082759  5.026711e+00
  [45,]  20.68475857  5.520823e+00
  [46,] -18.56114971  5.406500e+00
  [47,]  28.15443716  5.590187e+00
  [48,]  11.66048320  5.689254e+00
  [49,] -11.23717129  5.208198e+00
  [50,]  10.43203280  5.093003e+00
  [51,]  25.24867318  5.433766e+00
  [52,] -12.15768874  5.286718e+00
  [53,]  -0.39145884  5.556322e+00
  [54,] -13.80651177  5.721282e+00
  [55,]  27.65208517  5.323928e+00
  [56,]  22.38419455  5.499988e+00
  [57,] -26.53795801  5.422751e+00
  [58,]  11.48043069  5.690624e+00
  [59,] -17.83410676  5.602069e+00
  [60,]  28.38002249  5.215198e+00
  [61,]  -7.96620415  5.241364e+00
  [62,] -13.33418453  5.394636e+00
  [63,]  27.01745521  5.050444e+00
  [64,]  -1.00745596  5.725088e+00
  [65,]  10.31630329  5.568605e+00
  [66,]  20.86349089  5.073562e+00
  [67,]  21.85330834  5.740012e+00
  [68,]  -9.36861914  5.019324e+00
  [69,]  24.77744308  5.745494e+00
  [70,]  10.79637981  5.641041e+00
  [71,]  17.80667111  5.346392e+00
  [72,] -13.01503749  5.726124e+00
  [73,]  -8.40178185  5.219707e+00
  [74,] -13.69855267  5.524867e+00
  [75,]   0.52691877  5.968047e+00
  [76,]  11.76487044  5.481632e+00
  [77,] -25.88948744  5.067496e+00
  [78,]  28.30305581  5.880361e+00
  [79,]   7.42067948  5.880481e+00
  [80,] -14.76370440  5.515565e+00
  [81,] -29.14498307  5.173330e+00
  [82,]  11.46167109  5.825920e+00
  [83,] -18.14862299  5.356613e+00
  [84,]   4.01829287  5.085914e+00
  [85,]   2.55056045  5.641365e+00
  [86,]  28.29327781  5.314683e+00
  [87,]  -6.56888451  5.405605e+00
  [88,] -14.08354868  5.088811e+00
  [89,]  25.15494921  5.044685e+00
  [90,]  -9.42808706  5.303703e+00
  [91,] -15.05903324  5.060256e+00
  [92,] -15.80108936  5.322931e+00
  [93,] -29.69649457  5.092386e+00
  [94,]   1.69529845  5.299205e+00
  [95,] -24.10090114  5.579690e+00
  [96,]  10.02911305  5.994800e+00
  [97,]  -0.70516648  5.688078e+00
  [98,] -13.97109430  5.450539e+00
  [99,]  10.92114255  5.186088e+00
 [100,]  18.62968095  5.048042e+00
 [101,]  18.62136909  5.161824e+00
 [102,]  12.65843698  5.814283e+00
 [103,]  24.51180874  5.762045e+00
 [104,]  -5.07226126  5.762805e+00
 [105,]   0.03953350  5.218742e+00
 [106,] -23.58621118  5.748029e+00
 [107,] -12.87806645  5.898741e+00
 [108,]  -7.06390479  5.472273e+00
 [109,]  14.45242994  5.930376e+00
 [110,] -25.08614158  5.236992e+00
 [111,]  13.94860180  5.216285e+00
 [112,]  17.88305991  5.498231e+00
 [113,] -18.11043707  5.762264e+00
 [114,]  28.88175432  5.759632e+00
 [115,] -22.98187486  5.444893e+00
 [116,] -21.42443546  5.337631e+00
 [117,] -25.74646651  5.320472e+00
 [118,] -16.88984256  5.318160e+00
 [119,] -10.31511077  5.779543e+00
 [120,]  18.40448042  5.205013e+00
 [121,] -19.84501766  5.513199e+00
 [122,]  15.94971826  5.090389e+00
 [123,] -24.95887118  5.181004e+00
 [124,] -14.95090323  5.725547e+00
 [125,]  -3.36503725  5.132807e+00
 [126,]  -0.58859607  5.531799e+00
 [127,]  20.60608154  5.638458e+00
 [128,]  -9.20879249  5.783963e+00
 [129,]  19.76559402  5.779007e+00
 [130,]  17.12708673  5.333333e+00
 [131,] -14.91554171  5.444511e+00
 [132,]  25.91896562  5.654376e+00
 [133,]   2.93668301  5.682499e+00
 [134,] -26.87902485  5.875789e+00
 [135,]   6.96153265  5.431357e+00
 [136,]  -4.99697793  5.092997e+00
 [137,]   7.63392420  5.555999e+00
 [138,]  23.59009326  5.596775e+00
 [139,]  -9.87809129  5.181653e+00
 [140,]  21.10635626  5.381589e+00
 [141,] -15.12268434  5.631533e+00
 [142,]   7.08537719  5.059562e+00
 [143,]   0.65531714  5.199500e+00
 [144,] -12.83458027  5.955946e+00
 [145,] -13.39924507  5.305986e+00
 [146,]   6.58228399  5.867133e+00
 [147,]  28.51166219  5.811830e+00
 [148,] -26.08647559  5.855066e+00
 [149,] -13.67698662  5.015647e+00
 [150,] -13.86752697  5.847663e+00
 [151,]  -8.51272546  5.376329e+00
 [152,] -29.19435731  5.949666e+00
 [153,]  -8.59205718  5.294765e+00
 [154,]  20.43468780  5.079623e+00
 [155,]   0.38087132  5.602467e+00
 [156,]  23.99695050  5.473994e+00
 [157,]  14.35159493  5.675082e+00
 [158,]  12.64949467  5.142305e+00
 [159,]  18.94814228  5.562806e+00
 [160,]  -6.29889973  5.661318e+00
 [161,]   7.99126794  5.130014e+00
 [162,] -23.00152450  5.762861e+00
 [163,] -25.09167981  5.143343e+00
 [164,]  24.21193784  5.696075e+00
 [165,] -25.47839079  5.347685e+00
 [166,]  19.30443768  5.586928e+00
 [167,]  -5.44848748  5.650768e+00
 [168,] -22.19897687  5.917049e+00
 [169,] -25.71476058  5.357060e+00
 [170,]  -7.61024491  5.422393e+00
 [171,]   6.24842282  5.752242e+00
 [172,]  27.27617031  5.786757e+00
 [173,] -16.06233238  5.677181e+00
 [174,]   6.14712262  5.756625e+00
 [175,]  23.42801678  5.197633e+00
 [176,]  -7.06441843  5.572584e+00
 [177,]  15.54252852  5.630920e+00
 [178,] -23.71570291  5.342606e+00
 [179,]  -0.01195706  5.494284e+00
 [180,] -22.19499989  5.033688e+00
 [181,] -25.27416495  5.116091e+00
 [182,] -17.89597162  5.529355e+00
 [183,] -14.06415153  5.924838e+00
 [184,]  13.44029912  5.228245e+00
 [185,]  -0.48520440  5.435782e+00
 [186,]  23.02162161  5.575079e+00
 [187,]   5.07672541  5.209456e+00
 [188,]  21.88696235  5.725056e+00
 [189,]  10.92607961  5.307337e+00
 [190,]  17.42433204  5.664438e+00
 [191,]   8.03313742  5.902556e+00
 [192,]  20.08964140  5.075828e+00
 [193,]  -3.69830852  5.470217e+00
 [194,]  15.98202105  5.789070e+00
 [195,]  16.90100738  5.022360e+00
 [196,]   9.12269756  5.933370e+00
 [197,]  -6.13491516  5.121158e+00
 [198,] -23.59584561  5.574026e+00
 [199,] -12.71568159  5.610988e+00
 [200,]  27.28876568  5.576379e+00
 [201,]   4.38870982 -5.034001e+00
 [202,]  -5.30444940 -5.514288e+00
 [203,]  -1.70872744 -5.612890e+00
 [204,]   6.34610065 -5.131815e+00
 [205,]  27.54183391 -5.565167e+00
 [206,]  13.40128498 -5.824022e+00
 [207,]  27.13209503 -5.433976e+00
 [208,]  22.85506259 -5.903936e+00
 [209,]  16.33988924 -5.175309e+00
 [210,]  20.04974397 -5.746737e+00
 [211,]   1.82444881 -5.908392e+00
 [212,]  27.15973117 -5.488643e+00
 [213,]  -5.66881500 -5.079992e+00
 [214,]  -4.17490829 -5.404581e+00
 [215,]   9.77802509 -5.655952e+00
 [216,]   2.97567816 -5.125863e+00
 [217,]  24.67557589 -5.755362e+00
 [218,]  13.67929021 -5.234148e+00
 [219,]   7.79131517 -5.721929e+00
 [220,]  13.09235752 -5.241767e+00
 [221,]  28.15362591 -5.352777e+00
 [222,]  19.73152776 -5.643276e+00
 [223,]  16.06239223 -5.825562e+00
 [224,]  26.07052580 -5.604891e+00
 [225,]   8.78182998 -5.494407e+00
 [226,]   0.81152508 -5.564928e+00
 [227,]  -3.74804008 -5.041949e+00
 [228,]  27.30020033 -5.777521e+00
 [229,]  18.54876256 -5.437255e+00
 [230,]  24.78870939 -5.136041e+00
 [231,]  25.03377211 -5.240853e+00
 [232,]  10.61807660 -5.204586e+00
 [233,]  24.35238314 -5.813908e+00
 [234,]  11.73114661 -5.725696e+00
 [235,]   7.09307630 -5.734190e+00
 [236,]  14.19746687 -5.350753e+00
 [237,]   2.74902278 -5.374056e+00
 [238,]  20.33516235 -5.354738e+00
 [239,]  -4.68850101 -5.495146e+00
 [240,]  12.69699908 -5.161778e+00
 [241,]  28.34211308 -5.832649e+00
 [242,]  27.63747106 -5.319146e+00
 [243,]   3.82971781 -5.372047e+00
 [244,]   8.72334146 -5.854451e+00
 [245,]  14.90556171 -5.143538e+00
 [246,]  13.82951199 -5.364780e+00
 [247,]  28.49618612 -5.085366e+00
 [248,]  17.47784555 -5.151223e+00
 [249,]  11.59963970 -5.859316e+00
 [250,]  27.93524327 -5.886857e+00
 [251,]  20.93179751 -5.292213e+00
 [252,]  14.68844514 -5.834500e+00
 [253,]   4.21270840 -5.520887e+00
 [254,]  15.52393181 -5.328821e+00
 [255,]  12.02830352 -5.460059e+00
 [256,]  12.70531517 -5.519945e+00
 [257,]  -2.24395410 -5.969243e+00
 [258,]  25.97465303 -5.171433e+00
 [259,]  16.78626583 -5.273223e+00
 [260,]   1.44747243 -5.322714e+00
 [261,]  16.36661248 -5.384158e+00
 [262,]  17.17976088 -5.110711e+00
 [263,]   2.20952352 -5.590892e+00
 [264,]  29.17272240 -5.241276e+00
 [265,]  -0.11765748 -5.107611e+00
 [266,]   6.31333138 -5.001285e+00
 [267,]  17.54914493 -5.322306e+00
 [268,]  13.47308799 -5.380068e+00
 [269,]   7.90305123 -5.998889e+00
 [270,]  -3.90342468 -5.124393e+00
 [271,]   1.24450008 -5.110084e+00
 [272,]  27.88639879 -5.397733e+00
 [273,]   4.12641029 -5.450992e+00
 [274,]  -3.45680718 -5.663965e+00
 [275,]  17.75548265 -5.849782e+00
 [276,]  25.75804048 -5.265117e+00
 [277,]   7.73363501 -5.325635e+00
 [278,]  11.43838019 -5.246576e+00
 [279,]  25.17395565 -5.482137e+00
 [280,]  13.82326751 -5.843613e+00
 [281,]  -5.61123229 -5.947765e+00
 [282,]   3.49560003 -5.253139e+00
 [283,]  21.17622918 -5.913501e+00
 [284,]  22.21466988 -5.676663e+00
 [285,]  20.87926149 -5.499790e+00
 [286,]  14.56244738 -5.444885e+00
 [287,]  10.33654888 -5.962427e+00
 [288,]  12.04365532 -5.733015e+00
 [289,]  18.69936993 -5.210001e+00
 [290,]  18.88956627 -5.735365e+00
 [291,]   3.89997841 -5.204335e+00
 [292,]  16.60034136 -5.000215e+00
 [293,]  25.29110633 -5.919931e+00
 [294,]   2.47248948 -5.211486e+00
 [295,]  -4.20394226 -5.455446e+00
 [296,]   1.91654629 -5.605945e+00
 [297,]   6.00035542 -5.850473e+00
 [298,]  -5.03083484 -5.195302e+00
 [299,]  24.20397198 -5.574106e+00
 [300,]  28.32881330 -5.557303e+00
 [301,]   1.42860644 -5.317495e+00
 [302,]  25.82511498 -5.955635e+00
 [303,]   6.20337317 -5.410139e+00
 [304,]  16.69027846 -5.640833e+00
 [305,]  26.16812862 -5.526937e+00
 [306,]  -4.53154661 -5.356639e+00
 [307,]  15.80403418 -5.486335e+00
 [308,]  17.61098286 -5.600685e+00
 [309,]  26.23810700 -5.095531e+00
 [310,]   3.48757334 -5.382009e+00
 [311,]   5.22132816 -5.681132e+00
 [312,]   1.20596524 -5.619436e+00
 [313,]  26.51223137 -5.830936e+00
 [314,]  20.17641394 -5.438752e+00
 [315,]  10.13728070 -5.519611e+00
 [316,]   9.01855303 -5.015699e+00
 [317,]  -2.99427158 -5.797791e+00
 [318,]  12.60473061 -5.585698e+00
 [319,]  -2.65849256 -5.786575e+00
 [320,]  -4.91699285 -5.615074e+00
 [321,]   1.21969159 -5.135530e+00
 [322,]  26.92965552 -5.936657e+00
 [323,]  11.10426480 -5.059011e+00
 [324,]  20.70141345 -5.586142e+00
 [325,]   6.93291359 -5.052223e+00
 [326,]  10.61131030 -5.770170e+00
 [327,]  19.75514343 -5.065313e+00
 [328,]  27.23552283 -5.735015e+00
 [329,]  25.57253494 -5.191628e+00
 [330,]  17.14358181 -5.238262e+00
 [331,]   3.06400999 -5.770840e+00
 [332,]  12.23189494 -5.713245e+00
 [333,]   2.50161611 -5.039844e+00
 [334,]  18.21689798 -5.314473e+00
 [335,]  29.79392755 -5.242420e+00
 [336,]  -4.53966122 -5.701812e+00
 [337,]   5.59046463 -5.071862e+00
 [338,]  27.49185145 -5.291542e+00
 [339,]  -1.51543659 -5.146810e+00
 [340,]  21.38461125 -5.600063e+00
 [341,]   8.43359700 -5.569407e+00
 [342,]   2.90572550 -5.616593e+00
 [343,]  20.31913302 -5.028460e+00
 [344,]  -3.23448641 -5.044740e+00
 [345,]  -0.08607309 -5.579897e+00
 [346,]  28.65895689 -5.895719e+00
 [347,]  -1.93386127 -5.394369e+00
 [348,]  -3.67054118 -5.031901e+00
 [349,]  21.80942429 -5.228827e+00
 [350,]  28.29448778 -5.118382e+00
 [351,]   6.95499077 -5.696705e+00
 [352,]   1.58221497 -5.707347e+00
 [353,]  29.56358664 -5.590034e+00
 [354,]   0.10668959 -5.639421e+00
 [355,]   5.11699646 -5.763058e+00
 [356,]  -4.17934474 -5.259195e+00
 [357,]  -3.88273475 -5.502352e+00
 [358,]   2.76150204 -5.713329e+00
 [359,]  14.97059691 -5.549416e+00
 [360,]  29.97601982 -5.700807e+00
 [361,]   6.69582822 -5.025168e+00
 [362,]  25.49841095 -5.857648e+00
 [363,]   0.98785405 -5.787817e+00
 [364,]  -4.48826476 -5.844875e+00
 [365,]  12.17458733 -5.976402e+00
 [366,]   9.75323254 -5.238638e+00
 [367,]  29.02774722 -5.267074e+00
 [368,]  24.66282047 -5.803552e+00
 [369,]  16.47968219 -5.617519e+00
 [370,]  -3.76600400 -5.513378e+00
 [371,]  28.40839422 -5.558915e+00
 [372,]  27.85496731 -5.462595e+00
 [373,]   1.95323519 -5.965966e+00
 [374,]  18.57613384 -5.166493e+00
 [375,]   7.22793233 -5.489374e+00
 [376,]  -4.54201005 -5.995548e+00
 [377,]  17.82519712 -5.781215e+00
 [378,]  16.54248545 -5.706826e+00
 [379,]  -1.28211277 -5.364757e+00
 [380,]  17.13247410 -5.284333e+00
 [381,]  18.17698408 -5.114720e+00
 [382,]  17.56967221 -5.058306e+00
 [383,]  -0.85223008 -5.535514e+00
 [384,]   3.46528000 -5.690322e+00
 [385,]  27.73809021 -5.698912e+00
 [386,]   3.59108174 -5.094292e+00
 [387,]   3.29129677 -5.388518e+00
 [388,]  19.51123782 -5.473252e+00
 [389,]   6.14569107 -5.233105e+00
 [390,]   6.87351423 -5.811666e+00
 [391,]   1.94726962 -5.166986e+00
 [392,]  29.55745289 -5.553711e+00
 [393,]  -1.64683472 -5.699003e+00
 [394,]  23.91386095 -5.233609e+00
 [395,]  26.13718933 -5.806256e+00
 [396,]  -0.73523160 -5.454425e+00
 [397,]  26.96767270 -5.810071e+00
 [398,]   8.56664605 -5.523964e+00
 [399,]  16.61069456 -5.889108e+00
 [400,]   4.28633989 -5.921620e+00
 [401,]  -5.69048152  1.870308e+01
 [402,]  -5.98689946 -1.326392e+01
 [403,]  -5.29497688 -1.522517e+01
 [404,]  -5.74283785 -1.323121e+01
 [405,]  -5.03046165  1.397750e+01
 [406,]  -5.22359088  4.984042e+00
 [407,]  -5.28983551 -1.177983e+01
 [408,]  -5.78767247  5.450085e+00
 [409,]  -5.24052112  9.061211e-01
 [410,]  -5.08966790  1.383647e+01
 [411,]  -5.78531452  1.033699e+00
 [412,]  -5.86281831  2.808976e+00
 [413,]  -5.38025088 -3.215059e+00
 [414,]  -5.30759093 -1.408120e+01
 [415,]  -5.33482116 -1.934364e+01
 [416,]  -5.71416080 -1.041555e+01
 [417,]  -5.73584612 -1.139723e+01
 [418,]  -5.78788147  1.402342e+01
 [419,]  -5.22937580  1.320097e+01
 [420,]  -5.51257281 -9.822077e+00
 [421,]  -5.23735501 -3.040241e+00
 [422,]  -5.47175908 -9.920252e+00
 [423,]  -5.35509437  3.777485e+00
 [424,]  -5.63607689 -9.283648e+00
 [425,]  -5.93906369  1.014271e+00
 [426,]  -5.70346822 -5.558800e+00
 [427,]  -5.07276761 -2.470555e+00
 [428,]  -5.99428916 -1.785283e+01
 [429,]  -5.31957492  2.385832e+00
 [430,]  -5.65062391 -1.712206e+00
 [431,]  -5.76222987 -7.056636e-01
 [432,]  -5.47752687  1.084260e+01
 [433,]  -5.71361650  1.214398e+01
 [434,]  -5.36077564  1.391069e+01
 [435,]  -5.23166559 -9.104373e-01
 [436,]  -5.45150233  1.234607e+01
 [437,]  -5.60641600  1.217401e+01
 [438,]  -5.36875832  5.088401e+00
 [439,]  -5.48706091  1.010342e+01
 [440,]  -5.02989685 -1.169104e+01
 [441,]  -5.54326265  1.202358e+01
 [442,]  -5.87681244 -2.498848e+00
 [443,]  -5.63078185 -1.382978e+01
 [444,]  -5.83965732  1.779873e+01
 [445,]  -5.95440335  1.869270e+01
 [446,]  -5.25218807 -1.411596e+01
 [447,]  -5.06392518 -3.062130e+00
 [448,]  -5.07926913  1.050949e+01
 [449,]  -5.36406258  1.681835e+01
 [450,]  -5.37232919 -1.007887e+01
 [451,]  -5.65513534  1.619089e+01
 [452,]  -5.44669541  1.933178e+01
 [453,]  -5.26594239 -1.788845e+00
 [454,]  -5.10090754  1.032598e+01
 [455,]  -5.15089678  9.702930e+00
 [456,]  -5.92092489  7.925404e+00
 [457,]  -5.92050375  1.811399e+01
 [458,]  -5.09895435  1.217967e+01
 [459,]  -5.27662799  1.486011e+01
 [460,]  -5.26768467 -1.622723e+01
 [461,]  -5.54683337 -1.362582e+01
 [462,]  -5.72888094 -9.916799e+00
 [463,]  -5.85689735  1.033825e+01
 [464,]  -5.56498391 -1.163149e+00
 [465,]  -5.83167695  1.598715e+01
 [466,]  -5.04953066 -6.668999e+00
 [467,]  -5.58712563 -9.283308e+00
 [468,]  -5.78494268  1.580126e+00
 [469,]  -5.23581223 -1.269397e+00
 [470,]  -5.07938221 -1.143057e+01
 [471,]  -5.54472611  1.242542e+01
 [472,]  -5.00300975  2.507543e-01
 [473,]  -5.68346166  3.149166e+00
 [474,]  -5.17142088 -5.101047e-02
 [475,]  -5.69502096 -1.101316e+01
 [476,]  -5.03877313 -3.361032e+00
 [477,]  -5.38120033  9.133928e+00
 [478,]  -5.78599415  1.523383e+01
 [479,]  -5.83522141  1.513845e+01
 [480,]  -5.68392039  1.591967e+01
 [481,]  -5.70218031 -4.336434e+00
 [482,]  -5.37843079 -7.417664e+00
 [483,]  -5.19283908 -1.920983e+01
 [484,]  -5.09476014 -9.373279e+00
 [485,]  -5.21491591  5.619733e+00
 [486,]  -5.29287752 -3.151150e+00
 [487,]  -5.01283866 -1.253588e+01
 [488,]  -5.83622666  3.151483e+00
 [489,]  -5.33579207  1.315953e+01
 [490,]  -5.73612722 -7.425565e+00
 [491,]  -5.44205348 -8.007142e+00
 [492,]  -5.05853426  1.877056e+01
 [493,]  -5.82954605 -9.046658e+00
 [494,]  -5.22095024  7.485695e+00
 [495,]  -5.95470768  1.592313e+00
 [496,]  -5.34984964  3.551178e-01
 [497,]  -5.40159004  1.075454e+01
 [498,]  -5.71782804 -1.737647e+01
 [499,]  -5.81448986  4.111078e+00
 [500,]  -5.93143626 -2.437707e-01
 [501,]  -5.59037098  7.655413e+00
 [502,]  -5.99497649 -2.988559e+00
 [503,]  -5.74134033 -1.989560e+01
 [504,]  -5.30981161  1.170806e+01
 [505,]  -5.38172579 -1.165894e+01
 [506,]  -5.19705879 -6.790376e+00
 [507,]  -5.98225105 -1.653479e+01
 [508,]  -5.15160959 -1.336721e+01
 [509,]  -5.30357360 -4.247904e-01
 [510,]  -5.92319794 -1.800837e+01
 [511,]  -5.72454758  1.072727e+01
 [512,]  -5.96379939  1.633408e+01
 [513,]  -5.21805094  1.454468e+01
 [514,]  -5.41740186 -1.610283e+01
 [515,]  -5.59244694 -8.458433e+00
 [516,]  -5.72000625 -9.828505e+00
 [517,]  -5.56956679  1.959574e+01
 [518,]  -5.48957310  1.788252e+01
 [519,]  -5.17210502 -1.137959e+01
 [520,]  -5.09581162 -1.092078e+01
 [521,]  -5.80962441  1.020014e+01
 [522,]  -5.24515690  1.623051e+01
 [523,]  -5.69992510 -3.258770e+00
 [524,]  -5.76181050 -1.723342e+01
 [525,]  -5.07707512 -1.203879e+01
 [526,]  -5.19419227 -1.557998e+01
 [527,]  -5.11274209  2.023612e+00
 [528,]  -5.81652789  4.076497e+00
 [529,]  -5.11558090 -1.360274e+01
 [530,]  -5.09617131 -6.482393e+00
 [531,]  -5.69364214  6.957544e+00
 [532,]  -5.70432090  5.604422e+00
 [533,]  -5.61791349  3.374025e+00
 [534,]  -5.78399860 -1.459117e+01
 [535,]  -5.50410783  9.733491e+00
 [536,]  -5.27640701  1.890817e+01
 [537,]  -5.84177979  1.829286e-01
 [538,]  -5.40386103 -1.122727e+01
 [539,]  -5.71893616 -1.049076e+01
 [540,]  -5.02160380  1.370085e+00
 [541,]  -5.54981748  2.935675e+00
 [542,]  -5.58476748  5.203855e+00
 [543,]  -5.83090524  9.848955e+00
 [544,]  -5.99064841 -1.028841e+01
 [545,]  -5.08273474 -1.271879e+01
 [546,]  -5.40079508 -1.653249e+01
 [547,]  -5.45437532  1.089576e+01
 [548,]  -5.01570420 -7.817661e+00
 [549,]  -5.94361509  4.737777e+00
 [550,]  -5.67965456 -7.384666e+00
 [551,]  -5.75968552 -1.600045e+01
 [552,]  -5.33486325 -1.434837e+01
 [553,]  -5.01646025 -2.575208e+00
 [554,]  -5.01775571  1.141122e+01
 [555,]  -5.90620931 -1.022766e+01
 [556,]  -5.16884797 -8.726006e+00
 [557,]  -5.66796734 -6.832376e+00
 [558,]  -5.23387024  7.690537e+00
 [559,]  -5.45264352 -1.845270e+01
 [560,]  -5.33617884  1.409343e+01
 [561,]  -5.01784957  1.006081e+00
 [562,]  -5.67207842 -1.027244e+01
 [563,]  -5.94054081  1.245787e+01
 [564,]  -5.37332940  1.530890e+01
 [565,]  -5.26510734 -6.572768e+00
 [566,]  -5.65449929 -6.703680e+00
 [567,]  -5.56738432  4.956007e+00
 [568,]  -5.81727569  4.222200e+00
 [569,]  -5.06856964 -4.713335e+00
 [570,]  -5.50995338  1.438967e+01
 [571,]  -5.65222804 -8.554356e+00
 [572,]  -5.06530922 -5.109756e+00
 [573,]  -5.50507350 -1.593167e+01
 [574,]  -5.23609409 -9.751449e+00
 [575,]  -5.28632917 -1.370192e+01
 [576,]  -5.83526672 -3.941389e+00
 [577,]  -5.37886147 -1.476131e+01
 [578,]  -5.53587538  1.241013e+01
 [579,]  -5.90695346  5.015782e+00
 [580,]  -5.58721886  1.271813e+00
 [581,]  -5.51817232 -3.097203e+00
 [582,]  -5.71146626  2.305904e+00
 [583,]  -5.74911306  1.328626e+01
 [584,]  -5.58386884 -5.484635e+00
 [585,]  -5.90626878  4.137807e+00
 [586,]  -5.28003023  5.636473e+00
 [587,]  -5.12986613 -1.565589e+01
 [588,]  -5.07503274 -6.143987e+00
 [589,]  -5.03160390 -1.901274e+01
 [590,]  -5.28545407  1.604129e+01
 [591,]  -5.41010268 -1.137495e+01
 [592,]  -5.24329952  1.187235e+01
 [593,]  -5.08024808  1.347286e+01
 [594,]  -5.89284632  1.999593e+01
 [595,]  -5.98933076 -6.670105e+00
 [596,]  -5.64758082 -6.845799e+00
 [597,]  -5.13488892  7.414956e+00
 [598,]  -5.00465672  5.361279e+00
 [599,]  -5.71667307 -1.292734e+00
 [600,]  -5.55050141 -8.016805e+00
 [601,]   5.43297661  1.270988e+01
 [602,]   5.98215178 -1.567134e+00
 [603,]   5.06449961 -1.686963e+01
 [604,]   5.50566227 -1.825789e+01
 [605,]   5.81423310 -5.717808e+00
 [606,]   5.51054270  1.986125e+00
 [607,]   5.48907876 -7.178147e+00
 [608,]   5.96383621  6.868209e+00
 [609,]   5.28743295 -1.751497e+01
 [610,]   5.87829665 -1.472934e+01
 [611,]   5.23023916 -1.557118e+01
 [612,]   5.42909573  1.948852e+01
 [613,]   5.48733484 -1.573775e+01
 [614,]   5.98413142  5.425288e+00
 [615,]   5.98204012 -1.506072e+00
 [616,]   5.57725345  1.288574e+01
 [617,]   5.98240308 -1.098583e+01
 [618,]   5.08309223 -1.227205e+01
 [619,]   5.15111932 -5.219779e+00
 [620,]   5.59416994  7.586066e+00
 [621,]   5.13639359 -7.405952e+00
 [622,]   5.11510148 -3.655715e+00
 [623,]   5.97803400  1.179540e+01
 [624,]   5.09163436  9.803173e+00
 [625,]   5.33551964 -9.568795e+00
 [626,]   5.31690293  1.665098e+01
 [627,]   5.18612688  1.233643e+01
 [628,]   5.53687532  4.128065e+00
 [629,]   5.98993816  6.603380e+00
 [630,]   5.57544683  2.418547e+00
 [631,]   5.58887394  6.022901e+00
 [632,]   5.14463655  6.399880e+00
 [633,]   5.07452218  8.985046e+00
 [634,]   5.47667811  3.812186e+00
 [635,]   5.78829990  1.764770e+01
 [636,]   5.58375906 -1.058620e+01
 [637,]   5.40815656 -1.644156e+01
 [638,]   5.55710965 -7.518888e+00
 [639,]   5.95070217  1.661512e+01
 [640,]   5.39532770  1.451544e+01
 [641,]   5.74955442 -2.752557e+00
 [642,]   5.98592472  2.438134e+00
 [643,]   5.45729077 -7.634764e+00
 [644,]   5.29557316  4.780165e-01
 [645,]   5.89727755 -1.819001e+01
 [646,]   5.11260599 -2.029064e+00
 [647,]   5.25841616 -2.362629e+00
 [648,]   5.23202586  1.257914e+01
 [649,]   5.23296187  1.898024e+01
 [650,]   5.92346650 -1.045671e+01
 [651,]   5.43593979 -6.148713e+00
 [652,]   5.82546617  1.100651e+01
 [653,]   5.89025096  1.345899e+01
 [654,]   5.92461842 -1.472050e+01
 [655,]   5.21240018  1.097071e+00
 [656,]   5.93837643 -1.602530e+01
 [657,]   5.33225749  1.980231e+01
 [658,]   5.42048782  1.261043e+01
 [659,]   5.53935311  7.628632e+00
 [660,]   5.27419753  8.475378e+00
 [661,]   5.02298165 -1.655704e+01
 [662,]   5.34978636 -7.133506e+00
 [663,]   5.41084625 -8.960803e+00
 [664,]   5.20269619  1.812336e+01
 [665,]   5.18880192 -2.530144e-01
 [666,]   5.47965645  1.013675e+01
 [667,]   5.34606775  1.195337e+01
 [668,]   5.86586229 -1.844962e+01
 [669,]   5.44076019 -1.847379e+01
 [670,]   5.84807975  1.558809e+01
 [671,]   5.67348839 -9.589244e+00
 [672,]   5.49571908 -1.943984e+01
 [673,]   5.92772098 -6.654527e+00
 [674,]   5.28794209 -6.106003e+00
 [675,]   5.03484486  4.784499e+00
 [676,]   5.42158946  1.819730e+01
 [677,]   5.98265828 -1.236251e+01
 [678,]   5.59925904  9.072418e+00
 [679,]   5.60378065 -1.439542e+01
 [680,]   5.95954536 -8.491528e-01
 [681,]   5.70123057 -8.697200e+00
 [682,]   5.23859917 -9.224643e+00
 [683,]   5.93560327 -3.767213e+00
 [684,]   5.35118857 -8.142178e+00
 [685,]   5.83068589 -3.401909e+00
 [686,]   5.64498525 -3.783922e+00
 [687,]   5.74789491 -1.198000e+01
 [688,]   5.01578553  1.973536e+01
 [689,]   5.04724753  2.847307e+00
 [690,]   5.69080983  2.074064e+00
 [691,]   5.63840652 -1.707828e+01
 [692,]   5.80597365  1.082278e+01
 [693,]   5.84028096 -1.336586e+01
 [694,]   5.10990256  5.341927e+00
 [695,]   5.16634721  1.294138e+01
 [696,]   5.15205832 -4.738619e+00
 [697,]   5.32585200  1.265892e+01
 [698,]   5.13365626 -1.295540e+01
 [699,]   5.22298806 -1.971769e+01
 [700,]   5.88527507 -1.148696e+01
 [701,]   5.07478157 -8.835607e+00
 [702,]   5.87990435  1.650522e+01
 [703,]   5.16695746 -1.643581e+01
 [704,]   5.67647756 -1.994389e+00
 [705,]   5.27268665 -2.152815e+00
 [706,]   5.80513703  1.523344e+01
 [707,]   5.13522612  1.999824e+00
 [708,]   5.38095720 -1.832654e+01
 [709,]   5.99524818  8.171836e+00
 [710,]   5.21346250  4.136327e+00
 [711,]   5.24555726 -1.919625e+01
 [712,]   5.84754850 -5.762528e+00
 [713,]   5.54105501  9.891734e+00
 [714,]   5.64915745  9.377999e+00
 [715,]   5.40526602  5.691807e+00
 [716,]   5.08787142 -9.924303e+00
 [717,]   5.30935720 -5.742463e+00
 [718,]   5.43536691 -1.834729e+01
 [719,]   5.95816907 -7.932412e-02
 [720,]   5.90178040  1.575706e+01
 [721,]   5.90304823 -1.592599e+01
 [722,]   5.43880456  4.305869e+00
 [723,]   5.06741762  1.689382e+01
 [724,]   5.71195287 -1.018230e+00
 [725,]   5.37482842  1.409304e+01
 [726,]   5.00363468 -3.472190e+00
 [727,]   5.52804059  1.849356e+01
 [728,]   5.48579734  9.009408e+00
 [729,]   5.86645186  6.209009e+00
 [730,]   5.53293557  8.900586e+00
 [731,]   5.61239334 -5.290522e+00
 [732,]   5.92595022  6.884506e+00
 [733,]   5.92519390 -1.550059e+01
 [734,]   5.79333843  1.301365e+01
 [735,]   5.77718230  1.220769e+01
 [736,]   5.55362318 -1.154193e+01
 [737,]   5.42137207  2.045033e+00
 [738,]   5.42169621 -1.147636e+01
 [739,]   5.79322734  7.153303e-01
 [740,]   5.71970421 -9.582755e+00
 [741,]   5.15494481 -5.624838e+00
 [742,]   5.38885222 -2.347356e+00
 [743,]   5.26868615  7.495667e+00
 [744,]   5.44780057 -1.997432e+01
 [745,]   5.46282252 -1.287122e+01
 [746,]   5.74297389  9.884247e-01
 [747,]   5.87127808  1.076631e+01
 [748,]   5.80867418  1.912428e+01
 [749,]   5.09576038 -6.913768e+00
 [750,]   5.86701537 -1.252046e+01
 [751,]   5.38824974 -5.215287e+00
 [752,]   5.65993440  8.850377e+00
 [753,]   5.31151126 -1.477686e+01
 [754,]   5.98751228 -6.070907e+00
 [755,]   5.33676624 -2.183806e+00
 [756,]   5.29572534  1.664882e+01
 [757,]   5.09598529  6.447712e+00
 [758,]   5.84966904 -3.282469e+00
 [759,]   5.44358441  1.659921e+01
 [760,]   5.18402960 -3.129171e+00
 [761,]   5.97069391  1.870460e+01
 [762,]   5.35794201  1.893872e+01
 [763,]   5.68913147  8.166356e-01
 [764,]   5.96176940  1.287965e+01
 [765,]   5.26041155  1.514364e+01
 [766,]   5.12011766 -1.301496e+01
 [767,]   5.90386075  4.413239e+00
 [768,]   5.57925255 -2.716751e+00
 [769,]   5.94498943  1.678122e+01
 [770,]   5.37285692 -1.578983e+00
 [771,]   5.79845405  1.463513e+00
 [772,]   5.18976144 -1.558232e+01
 [773,]   5.52965749 -6.105647e+00
 [774,]   5.85303556  5.217541e+00
 [775,]   5.29945203 -1.299309e+01
 [776,]   5.86099839 -2.584583e+00
 [777,]   5.82638959  5.007123e+00
 [778,]   5.42251964  1.477586e+00
 [779,]   5.25423867 -1.099996e+01
 [780,]   5.74225326  1.970095e+01
 [781,]   5.04389681 -1.905054e+01
 [782,]   5.61964588 -9.738986e+00
 [783,]   5.37771130  3.880677e+00
 [784,]   5.05540169  1.260133e+01
 [785,]   5.14246579 -3.245710e+00
 [786,]   5.29828449  1.829353e+00
 [787,]   5.12614107 -9.117457e+00
 [788,]   5.24733787 -2.194787e+00
 [789,]   5.40501686 -3.339918e+00
 [790,]   5.27750162  2.241572e+00
 [791,]   5.98944467 -5.435882e+00
 [792,]   5.13534736  1.396854e+01
 [793,]   5.38233988 -1.307526e+01
 [794,]   5.30660885 -5.345354e+00
 [795,]   5.28872213  9.444010e+00
 [796,]   5.60904531  5.508082e+00
 [797,]   5.11978344  7.541517e+00
 [798,]   5.91254136  1.295279e+01
 [799,]   5.44539765 -6.494962e+00
 [800,]   5.39584847  1.833376e+01
 [801,]  -2.38462976 -1.324517e+00
 [802,]  -2.28933168 -5.441031e+00
 [803,]   1.90491314 -4.228660e-01
 [804,]  -0.10027071  8.254019e-01
 [805,]  -1.83058299  5.590260e+00
 [806,]   4.40810319 -2.027513e+00
 [807,]  -4.10917876  5.242872e+00
 [808,]  -1.70339132 -4.867365e+00
 [809,]   0.66740214  5.113719e+00
 [810,]   4.73579803 -4.758427e+00
 [811,]   0.23554191 -4.072567e+00
 [812,]  -3.33295150  3.717888e+00
 [813,]   2.55716487  1.395783e+00
 [814,]  -3.19177755 -2.764914e+00
 [815,]   2.54833660 -3.934202e+00
 [816,]  -4.07821136 -5.507057e+00
 [817,]   3.76287021 -5.932441e+00
 [818,]   4.33034882 -1.165606e+00
 [819,]  -2.73136851 -3.331459e+00
 [820,]  -5.48859042  5.185387e+00
 [821,]   5.13513649  5.456648e+00
 [822,]   5.50507592 -4.834572e+00
 [823,]  -3.43866983  5.719046e+00
 [824,]  -4.45126446  1.827152e+00
 [825,]  -0.24174420  1.914328e+00
 [826,]   2.80135839 -1.681702e+00
 [827,]   0.22099348  5.659626e+00
 [828,]   1.40870159  1.069255e+00
 [829,]  -4.71224938  5.200582e+00
 [830,]   0.03883625  4.111436e+00
 [831,]  -1.43197028  7.670454e-01
 [832,]  -5.85530547 -1.987082e+00
 [833,]  -5.74024399  1.738624e+00
 [834,]  -2.25274412  1.932174e+00
 [835,]   5.79049900  4.799471e+00
 [836,]   3.17753614  4.704574e+00
 [837,]  -1.07080923 -3.525410e+00
 [838,]  -0.68803089 -2.007679e-01
 [839,]  -1.52828135  4.987137e+00
 [840,]  -3.81427005  5.544072e+00
 [841,]  -4.55856590  4.863405e-01
 [842,]  -2.43970039  4.757821e-01
 [843,]   5.82479113 -5.841979e+00
 [844,]   5.53358968 -5.164267e+00
 [845,]   5.69180955 -3.407653e+00
 [846,]  -4.31594369 -4.206165e+00
 [847,]  -2.77353014  5.235272e+00
 [848,]  -0.98516960 -1.904690e+00
 [849,]  -4.32858175 -2.592356e+00
 [850,]   0.13685535 -2.640617e-02
 [851,]   1.43108659 -1.800992e+00
 [852,]   2.30498665  2.873818e+00
 [853,]  -4.81087700 -1.713792e+00
 [854,]  -5.30373281  4.649423e+00
 [855,]  -4.89743542 -4.124768e+00
 [856,]  -0.27220754 -3.337870e+00
 [857,]   5.24606720 -4.456893e+00
 [858,]   5.68800378  4.401716e+00
 [859,]  -5.13413631  2.262164e+00
 [860,]  -5.02894540  4.684525e+00
 [861,]  -4.01151164 -4.299837e+00
 [862,]  -0.25411876  2.647720e+00
 [863,]   3.24110838  8.558207e-01
 [864,]   0.85396933  2.431116e+00
 [865,]   5.91894876 -5.474017e+00
 [866,]   3.22373912 -5.403370e+00
 [867,]   3.60798430 -5.835474e+00
 [868,]   1.96975017 -2.558679e+00
 [869,]   2.32552268  1.152597e+00
 [870,]  -3.71636295  5.375174e+00
 [871,]  -3.88250391 -4.130598e+00
 [872,]   4.58056256  2.012873e+00
 [873,]  -3.30039839 -4.307583e+00
 [874,]  -2.16398629 -1.144458e+00
 [875,]   5.98931570  1.762334e+00
 [876,]   5.17948492  1.433271e+00
 [877,]  -1.95719833  4.086151e+00
 [878,]   1.78740775  2.473300e+00
 [879,]  -2.31024545  4.639377e+00
 [880,]   0.74680619 -2.926818e+00
 [881,]   4.03453853  5.968340e+00
 [882,]   4.50260468  2.630802e+00
 [883,]  -1.92101197 -5.101382e+00
 [884,]  -2.67546413  4.350383e+00
 [885,]   0.13706883 -6.484468e-01
 [886,]   5.46921846  1.730602e+00
 [887,]   4.77125451  1.181244e+00
 [888,]   3.17846177 -1.794332e+00
 [889,]   1.17449277 -4.943670e+00
 [890,]   2.85886399 -4.436713e+00
 [891,]  -2.04969039  3.025454e+00
 [892,]  -2.10278924 -3.094219e+00
 [893,]   3.79472177  4.661628e+00
 [894,]  -2.76938228 -4.233236e+00
 [895,]   4.18118728  3.938861e+00
 [896,]  -0.85242149  4.405493e+00
 [897,]   0.92761769 -6.483757e-01
 [898,]   5.72654862  2.639323e+00
 [899,]  -0.08186751  4.438254e+00
 [900,]  -3.78718852 -5.546479e+00
 [901,]   0.80338193  1.887812e-02
 [902,]   1.10043350 -5.337546e+00
 [903,]  -3.87023672 -1.433280e+00
 [904,]   5.24213318 -1.370907e+00
 [905,]  -2.40765082 -2.699314e+00
 [906,]  -1.39355401 -5.818112e+00
 [907,]   0.99718681  9.046870e-01
 [908,]   2.10641898  4.105096e+00
 [909,]   5.83910592  1.301281e+00
 [910,]   1.13397384  1.782703e+00
 [911,]  -3.21082830  5.896537e+00
 [912,]   5.70937680  3.131571e+00
 [913,]   2.58387121  4.501245e+00
 [914,]  -5.98948155  3.428828e+00
 [915,]  -3.68558008 -1.571716e+00
 [916,]  -3.30423374  1.078835e+00
 [917,]  -2.91588182 -5.352606e+00
 [918,]  -2.46062623  5.720082e+00
 [919,]   5.87834306  1.580500e+00
 [920,]   4.80974565 -4.351093e+00
 [921,]   2.28444945  3.921998e+00
 [922,]  -3.46039048  4.206304e+00
 [923,]   1.73576348  3.346573e+00
 [924,]  -2.86155061  5.433572e+00
 [925,]   5.95475119 -5.142772e+00
 [926,]   0.61012553 -1.776966e+00
 [927,]   4.41676307  5.206709e+00
 [928,]  -2.74699270  2.710939e+00
 [929,]  -1.04851510  3.792757e+00
 [930,]   2.62646300 -4.785439e+00
 [931,]   2.06046546  7.993580e-01
 [932,]  -3.39356654 -5.007071e+00
 [933,]  -1.50942967  5.755456e+00
 [934,]  -5.21874099 -4.816827e+00
 [935,]  -4.92345765  5.822108e+00
 [936,]  -4.86060582 -5.859600e+00
 [937,]  -3.47633067  4.859581e+00
 [938,]  -2.55728078  7.842261e-02
 [939,]  -1.52379492  4.199615e+00
 [940,]  -3.44345985 -3.360127e+00
 [941,]   0.14175648 -2.680975e-01
 [942,]   1.01774884 -3.861605e+00
 [943,]  -4.70735061  5.304487e+00
 [944,]  -5.53608694 -4.127113e+00
 [945,]   2.59167384  1.525270e+00
 [946,]   4.20839235  5.853730e+00
 [947,]  -5.56159496  3.557569e+00
 [948,]   1.79348400  3.482381e+00
 [949,]  -0.72527913  1.494682e+00
 [950,]  -2.96703976  1.087943e-04
 [951,]   3.75535076 -1.208829e+00
 [952,]   2.44664197  5.564192e+00
 [953,]   1.96861626 -3.938516e+00
 [954,]   0.84936448  4.039588e+00
 [955,]  -4.54434882 -5.387118e+00
 [956,]  -1.57824900  4.256531e+00
 [957,]  -2.25091342 -2.125817e-01
 [958,]  -5.78894884  4.945261e+00
 [959,]  -0.43599348  4.920524e+00
 [960,]  -4.96569898 -4.143466e+00
 [961,]   3.57771897 -5.355597e+00
 [962,]   0.25639863  3.639763e+00
 [963,]   5.85415581 -4.959323e+00
 [964,]   5.39889001  5.111407e+00
 [965,]   2.32056506  1.449174e-01
 [966,]  -2.79973144  1.213082e-01
 [967,]  -1.51305273 -5.947353e+00
 [968,]  -4.79751017 -2.512003e+00
 [969,]   4.36495747 -4.761537e+00
 [970,]  -1.78377277 -9.458835e-01
 [971,]   3.45649428 -4.262116e+00
 [972,]  -1.75157626 -5.797159e+00
 [973,]   0.37426372 -4.413510e-01
 [974,]   3.14681682 -5.123613e+00
 [975,]   1.89356381 -3.696471e+00
 [976,]  -5.68820817 -5.115853e+00
 [977,]  -3.88564032  4.430154e+00
 [978,]  -3.72990466 -1.474911e+00
 [979,]   0.08776284 -2.146586e-02
 [980,]  -3.91936083 -1.020288e-01
 [981,]  -2.02269245 -5.662334e+00
 [982,]   0.99698590  5.086677e+00
 [983,]  -3.14396332  2.003636e-01
 [984,]  -3.71953884 -4.283732e+00
 [985,]  -1.97670806 -2.649269e+00
 [986,]   5.80911885 -5.840353e+00
 [987,]   0.71075894 -2.262154e+00
 [988,]   5.90770655 -6.273192e-01
 [989,]   4.19362166  3.764173e+00
 [990,]   1.64655672 -2.157020e+00
 [991,]   4.44173595 -3.262781e+00
 [992,]   3.12287889 -4.717837e-01
 [993,]  -4.78851229 -1.162643e+00
 [994,]  -0.01944106 -4.149887e+00
 [995,]  -0.22383641  4.737445e+00
 [996,]  -1.99257782  4.293294e+00
 [997,]  -1.58882494  3.041945e+00
 [998,]   3.65051636 -3.148635e+00
 [999,]  -4.14038339  3.830712e+00
[1000,]  -2.90211194  2.948880e+00
